Final results after training for 20 Epochs
Accuracy: 0.9820627570152283
Loss: 0.07334148205415818
